kuhmo	x100	y100	ano	wno
96398	3612650	7087950	1	1
96029	3612750	7088050	6	4
96028	3612650	7088050	61	2
96027	3612550	7088050	6	0
95661	3612950	7088150	0	0
95660	3612850	7088150	0	0
95657	3612550	7088150	3	1
95290	3612850	7088250	0	0
95286	3612450	7088250	3	8
95285	3612350	7088250	3	5
94917	3612550	7088350	0	0
94912	3612050	7088350	0	0
94549	3612750	7088450	0	0
94547	3612550	7088450	0	0
94546	3612450	7088450	0	0
94545	3612350	7088450	0	0
94541	3611950	7088450	4	1
94176	3612450	7088550	0	0
94174	3612250	7088550	0	0
94173	3612150	7088550	0	0
94172	3612050	7088550	0	0
93803	3612150	7088650	0	0
93802	3612050	7088650	0	0
93801	3611950	7088650	0	0
93433	3612150	7088750	0	0
93430	3611850	7088750	0	0
93064	3612250	7088850	1	0
93063	3612150	7088850	0	0
93061	3611950	7088850	0	0
93052	3611050	7088850	0	0
93049	3610750	7088850	0	0
92696	3612450	7088950	0	2
92695	3612350	7088950	0	1
92694	3612250	7088950	1	1
92693	3612150	7088950	2	1
92687	3611550	7088950	4	8
92686	3611450	7088950	6	2
92679	3610750	7088950	0	0
92333	3613150	7089050	6	0
92332	3613050	7089050	21	7
92331	3612950	7089050	20	1
92330	3612850	7089050	20	0
92329	3612750	7089050	48	0
92325	3612350	7089050	13	6
92324	3612250	7089050	2	6
92323	3612150	7089050	1	2
92321	3611950	7089050	3	1
92320	3611850	7089050	1	1
92319	3611750	7089050	1	0
92317	3611550	7089050	1	1
92316	3611450	7089050	4	2
92315	3611350	7089050	0	0
92310	3610850	7089050	0	1
92308	3610650	7089050	2	0
92307	3610550	7089050	0	0
92306	3610450	7089050	0	0
92305	3610350	7089050	1	0
92304	3610250	7089050	0	0
92297	3609550	7089050	0	0
91964	3613250	7089150	1	4
91962	3613050	7089150	15	2
91961	3612950	7089150	3	0
91960	3612850	7089150	0	0
91958	3612650	7089150	8	1
91952	3612050	7089150	0	0
91951	3611950	7089150	7	2
91950	3611850	7089150	9	1
91948	3611650	7089150	5	4
91947	3611550	7089150	0	2
91946	3611450	7089150	0	0
91944	3611250	7089150	2	0
91939	3610750	7089150	0	0
91938	3610650	7089150	1	1
91937	3610550	7089150	1	2
91936	3610450	7089150	0	0
91935	3610350	7089150	2	1
91934	3610250	7089150	1	2
91930	3609850	7089150	0	0
91928	3609650	7089150	0	0
91927	3609550	7089150	0	0
91926	3609450	7089150	0	2
91922	3609050	7089150	0	0
91910	3607850	7089150	0	2
91909	3607750	7089150	4	2
91908	3607650	7089150	2	3
91907	3607550	7089150	3	0
91906	3607450	7089150	1	0
91905	3607350	7089150	13	4
91904	3607250	7089150	0	1
91596	3613450	7089250	30	1
91595	3613350	7089250	6	1
91594	3613250	7089250	2	0
91593	3613150	7089250	0	0
91591	3612950	7089250	17	3
91590	3612850	7089250	16	2
91589	3612750	7089250	5	0
91587	3612550	7089250	6	0
91586	3612450	7089250	3	0
91579	3611750	7089250	3	1
91578	3611650	7089250	5	0
91577	3611550	7089250	6	3
91576	3611450	7089250	4	6
91573	3611150	7089250	0	0
91567	3610550	7089250	1	0
91566	3610450	7089250	1	1
91558	3609650	7089250	0	0
91557	3609550	7089250	0	0
91556	3609450	7089250	1	1
91555	3609350	7089250	0	0
91551	3608950	7089250	0	0
91538	3607650	7089250	6	4
91537	3607550	7089250	0	2
91536	3607450	7089250	3	4
91535	3607350	7089250	26	5
91534	3607250	7089250	12	8
91533	3607150	7089250	3	1
91232	3614050	7089350	26	2
91231	3613950	7089350	31	4
91230	3613850	7089350	41	5
91229	3613750	7089350	37	0
91225	3613350	7089350	31	5
91224	3613250	7089350	29	0
91223	3613150	7089350	4	0
91222	3613050	7089350	1	0
91221	3612950	7089350	0	1
91220	3612850	7089350	6	1
91219	3612750	7089350	69	4
91218	3612650	7089350	43	0
91217	3612550	7089350	7	5
91216	3612450	7089350	19	2
91215	3612350	7089350	17	3
91214	3612250	7089350	16	0
91212	3612050	7089350	0	0
91211	3611950	7089350	10	3
91210	3611850	7089350	1	4
91209	3611750	7089350	1	4
91208	3611650	7089350	1	4
91207	3611550	7089350	4	8
91204	3611250	7089350	0	0
91201	3610950	7089350	1	0
91196	3610450	7089350	6	5
91195	3610350	7089350	0	2
91192	3610050	7089350	0	0
91186	3609450	7089350	0	0
91181	3608950	7089350	2	0
91180	3608850	7089350	2	0
91169	3607750	7089350	10	1
91168	3607650	7089350	11	4
91165	3607350	7089350	6	2
91164	3607250	7089350	6	4
91163	3607150	7089350	7	1
90861	3613950	7089450	16	2
90860	3613850	7089450	23	4
90859	3613750	7089450	12	1
90858	3613650	7089450	9	4
90853	3613150	7089450	20	1
90852	3613050	7089450	1	0
90851	3612950	7089450	0	1
90850	3612850	7089450	41	3
90848	3612650	7089450	20	2
90847	3612550	7089450	27	0
90846	3612450	7089450	6	0
90845	3612350	7089450	11	0
90844	3612250	7089450	15	0
90843	3612150	7089450	13	0
90842	3612050	7089450	8	1
90841	3611950	7089450	2	0
90839	3611750	7089450	2	1
90838	3611650	7089450	19	0
90837	3611550	7089450	5	0
90835	3611350	7089450	9	1
90828	3610650	7089450	0	1
90825	3610350	7089450	3	1
90824	3610250	7089450	8	1
90819	3609750	7089450	0	0
90813	3609150	7089450	0	0
90811	3608950	7089450	0	0
90810	3608850	7089450	0	0
90804	3608250	7089450	1	1
90803	3608150	7089450	4	0
90799	3607750	7089450	8	1
90798	3607650	7089450	5	3
90797	3607550	7089450	20	4
90796	3607450	7089450	30	0
90795	3607350	7089450	6	2
90794	3607250	7089450	18	5
90490	3613850	7089550	17	2
90489	3613750	7089550	3	5
90488	3613650	7089550	11	1
90487	3613550	7089550	35	0
90486	3613450	7089550	17	6
90482	3613050	7089550	6	0
90481	3612950	7089550	7	0
90480	3612850	7089550	4	0
90479	3612750	7089550	3	7
90477	3612550	7089550	9	0
90476	3612450	7089550	16	1
90475	3612350	7089550	0	0
90474	3612250	7089550	4	0
90473	3612150	7089550	16	0
90472	3612050	7089550	25	1
90471	3611950	7089550	8	0
90467	3611550	7089550	9	0
90466	3611450	7089550	12	0
90465	3611350	7089550	16	1
90464	3611250	7089550	20	0
90463	3611150	7089550	19	1
90462	3611050	7089550	6	0
90461	3610950	7089550	10	0
90460	3610850	7089550	1	4
90459	3610750	7089550	10	0
90458	3610650	7089550	0	0
90457	3610550	7089550	0	0
90456	3610450	7089550	3	0
90455	3610350	7089550	0	0
90451	3609950	7089550	0	0
90447	3609550	7089550	0	0
90440	3608850	7089550	2	0
90438	3608650	7089550	1	1
90437	3608550	7089550	2	0
90435	3608350	7089550	0	0
90434	3608250	7089550	0	0
90433	3608150	7089550	0	0
90432	3608050	7089550	0	0
90431	3607950	7089550	0	0
90429	3607750	7089550	9	2
90428	3607650	7089550	2	0
90427	3607550	7089550	16	3
90426	3607450	7089550	30	2
90425	3607350	7089550	20	3
90424	3607250	7089550	19	1
90118	3613650	7089650	3	10
90117	3613550	7089650	21	1
90116	3613450	7089650	20	0
90115	3613350	7089650	13	1
90114	3613250	7089650	6	0
90113	3613150	7089650	0	0
90112	3613050	7089650	0	0
90111	3612950	7089650	5	14
90108	3612650	7089650	0	0
90107	3612550	7089650	0	0
90106	3612450	7089650	0	0
90105	3612350	7089650	10	0
90104	3612250	7089650	1	0
90103	3612150	7089650	2	1
90102	3612050	7089650	21	0
90101	3611950	7089650	17	0
90100	3611850	7089650	10	0
90099	3611750	7089650	5	1
90097	3611550	7089650	11	1
90096	3611450	7089650	10	0
90095	3611350	7089650	10	5
90094	3611250	7089650	7	5
90093	3611150	7089650	2	1
90092	3611050	7089650	4	3
90091	3610950	7089650	24	0
90090	3610850	7089650	15	0
90088	3610650	7089650	8	2
90087	3610550	7089650	38	1
90086	3610450	7089650	32	0
90085	3610350	7089650	3	0
90084	3610250	7089650	32	5
90077	3609550	7089650	0	0
90076	3609450	7089650	0	0
90070	3608850	7089650	5	0
90069	3608750	7089650	3	1
90068	3608650	7089650	0	0
90067	3608550	7089650	0	0
90066	3608450	7089650	0	0
90064	3608250	7089650	2	1
90063	3608150	7089650	2	1
90062	3608050	7089650	3	3
90061	3607950	7089650	0	1
90060	3607850	7089650	1	0
90058	3607650	7089650	0	0
90054	3607250	7089650	14	4
89755	3614350	7089750	7	3
89746	3613450	7089750	11	0
89745	3613350	7089750	19	0
89744	3613250	7089750	21	0
89743	3613150	7089750	12	3
89741	3612950	7089750	35	12
89738	3612650	7089750	4	0
89737	3612550	7089750	0	0
89736	3612450	7089750	0	0
89734	3612250	7089750	0	0
89733	3612150	7089750	11	2
89732	3612050	7089750	7	0
89730	3611850	7089750	12	0
89729	3611750	7089750	31	0
89728	3611650	7089750	5	0
89725	3611350	7089750	0	1
89724	3611250	7089750	6	6
89723	3611150	7089750	9	2
89722	3611050	7089750	10	0
89721	3610950	7089750	3	0
89718	3610650	7089750	23	1
89717	3610550	7089750	36	0
89716	3610450	7089750	29	0
89715	3610350	7089750	36	0
89714	3610250	7089750	25	0
89713	3610150	7089750	25	1
89701	3608950	7089750	0	0
89699	3608750	7089750	0	0
89698	3608650	7089750	0	0
89697	3608550	7089750	0	0
89696	3608450	7089750	0	0
89694	3608250	7089750	1	0
89693	3608150	7089750	0	0
89690	3607850	7089750	0	0
89689	3607750	7089750	0	2
89688	3607650	7089750	3	0
89687	3607550	7089750	1	1
89686	3607450	7089750	3	0
89685	3607350	7089750	0	0
89684	3607250	7089750	2	0
89382	3614050	7089850	1	0
89381	3613950	7089850	1	0
89374	3613250	7089850	23	1
89373	3613150	7089850	41	0
89372	3613050	7089850	12	1
89371	3612950	7089850	16	2
89370	3612850	7089850	16	4
89369	3612750	7089850	0	6
89368	3612650	7089850	0	0
89367	3612550	7089850	0	0
89363	3612150	7089850	5	0
89362	3612050	7089850	22	2
89361	3611950	7089850	1	0
89359	3611750	7089850	11	0
89358	3611650	7089850	60	0
89357	3611550	7089850	16	0
89355	3611350	7089850	0	0
89354	3611250	7089850	2	4
89353	3611150	7089850	12	4
89352	3611050	7089850	21	1
89351	3610950	7089850	28	3
89350	3610850	7089850	0	1
89349	3610750	7089850	2	1
89347	3610550	7089850	42	2
89346	3610450	7089850	16	3
89343	3610150	7089850	14	0
89342	3610050	7089850	4	4
89336	3609450	7089850	1	1
89335	3609350	7089850	1	0
89326	3608450	7089850	0	0
89325	3608350	7089850	0	0
89323	3608150	7089850	0	0
89322	3608050	7089850	0	0
89320	3607850	7089850	1	0
89318	3607650	7089850	9	0
89317	3607550	7089850	1	1
89316	3607450	7089850	14	4
89315	3607350	7089850	5	0
89314	3607250	7089850	3	1
89012	3614050	7089950	6	0
89011	3613950	7089950	5	1
89009	3613750	7089950	5	0
89008	3613650	7089950	2	0
89003	3613150	7089950	33	3
89002	3613050	7089950	37	4
89001	3612950	7089950	27	3
89000	3612850	7089950	6	17
88999	3612750	7089950	11	14
88998	3612650	7089950	4	0
88994	3612250	7089950	0	0
88992	3612050	7089950	6	1
88991	3611950	7089950	14	5
88990	3611850	7089950	7	3
88987	3611550	7089950	20	1
88985	3611350	7089950	36	9
88984	3611250	7089950	5	1
88983	3611150	7089950	7	6
88982	3611050	7089950	11	2
88981	3610950	7089950	14	1
88980	3610850	7089950	3	6
88979	3610750	7089950	4	2
88978	3610650	7089950	5	1
88973	3610150	7089950	14	4
88972	3610050	7089950	15	0
88971	3609950	7089950	4	9
88970	3609850	7089950	4	2
88966	3609450	7089950	0	0
88955	3608350	7089950	8	0
88953	3608150	7089950	0	1
88951	3607950	7089950	0	0
88947	3607550	7089950	0	1
88946	3607450	7089950	9	1
88945	3607350	7089950	1	1
88944	3607250	7089950	5	1
88640	3613850	7090050	0	0
88639	3613750	7090050	17	0
88638	3613650	7090050	26	4
88637	3613550	7090050	23	7
88631	3612950	7090050	24	0
88630	3612850	7090050	16	5
88629	3612750	7090050	6	5
88628	3612650	7090050	1	0
88624	3612250	7090050	0	0
88623	3612150	7090050	2	0
88620	3611850	7090050	14	6
88619	3611750	7090050	2	0
88618	3611650	7090050	1	1
88613	3611150	7090050	11	7
88612	3611050	7090050	6	5
88611	3610950	7090050	36	0
88610	3610850	7090050	27	0
88609	3610750	7090050	8	0
88608	3610650	7090050	5	3
88607	3610550	7090050	6	4
88606	3610450	7090050	2	1
88605	3610350	7090050	9	1
88602	3610050	7090050	6	1
88601	3609950	7090050	10	12
88600	3609850	7090050	24	6
88599	3609750	7090050	1	0
88595	3609350	7090050	0	0
88584	3608250	7090050	5	0
88583	3608150	7090050	1	0
88580	3607850	7090050	3	7
88577	3607550	7090050	0	1
88576	3607450	7090050	3	2
88575	3607350	7090050	1	2
88274	3614250	7090150	10	0
88266	3613450	7090150	0	2
88265	3613350	7090150	41	2
88264	3613250	7090150	2	1
88260	3612850	7090150	7	0
88259	3612750	7090150	9	0
88258	3612650	7090150	20	0
88253	3612150	7090150	0	0
88252	3612050	7090150	2	0
88249	3611750	7090150	3	3
88248	3611650	7090150	5	6
88247	3611550	7090150	0	0
88240	3610850	7090150	14	0
88239	3610750	7090150	20	1
88238	3610650	7090150	14	0
88237	3610550	7090150	2	8
88236	3610450	7090150	38	2
88235	3610350	7090150	24	0
88234	3610250	7090150	2	1
88231	3609950	7090150	8	0
88230	3609850	7090150	5	1
88229	3609750	7090150	4	0
88228	3609650	7090150	0	1
88227	3609550	7090150	0	1
88214	3608250	7090150	0	0
88213	3608150	7090150	1	0
88212	3608050	7090150	0	0
88206	3607450	7090150	8	8
88205	3607350	7090150	2	0
87907	3614550	7090250	0	0
87903	3614150	7090250	1	0
87895	3613350	7090250	47	3
87894	3613250	7090250	22	6
87893	3613150	7090250	0	0
87887	3612550	7090250	0	3
87881	3611950	7090250	12	0
87877	3611550	7090250	4	3
87876	3611450	7090250	0	1
87875	3611350	7090250	0	3
87867	3610550	7090250	58	3
87866	3610450	7090250	28	0
87865	3610350	7090250	52	3
87864	3610250	7090250	27	0
87860	3609850	7090250	4	2
87859	3609750	7090250	5	3
87858	3609650	7090250	2	1
87856	3609450	7090250	0	1
87850	3608850	7090250	2	0
87845	3608350	7090250	7	0
87844	3608250	7090250	3	0
87843	3608150	7090250	0	0
87842	3608050	7090250	2	0
87841	3607950	7090250	4	0
87840	3607850	7090250	1	0
87836	3607450	7090250	7	3
87835	3607350	7090250	4	0
87534	3614250	7090350	0	0
87533	3614150	7090350	0	0
87532	3614050	7090350	0	1
87524	3613250	7090350	0	2
87520	3612850	7090350	11	3
87510	3611850	7090350	5	0
87509	3611750	7090350	16	7
87508	3611650	7090350	16	1
87506	3611450	7090350	0	3
87505	3611350	7090350	0	2
87504	3611250	7090350	1	1
87503	3611150	7090350	3	1
87502	3611050	7090350	1	1
87501	3610950	7090350	0	0
87495	3610350	7090350	36	0
87494	3610250	7090350	15	0
87493	3610150	7090350	27	2
87488	3609650	7090350	1	3
87487	3609550	7090350	3	0
87480	3608850	7090350	0	2
87474	3608250	7090350	3	1
87473	3608150	7090350	3	1
87472	3608050	7090350	1	1
87471	3607950	7090350	0	2
87470	3607850	7090350	1	0
87469	3607750	7090350	0	0
87468	3607650	7090350	1	1
87467	3607550	7090350	2	1
87466	3607450	7090350	7	2
87164	3614250	7090450	3	1
87163	3614150	7090450	0	0
87162	3614050	7090450	0	0
87154	3613250	7090450	5	1
87153	3613150	7090450	6	1
87151	3612950	7090450	0	0
87149	3612750	7090450	21	1
87148	3612650	7090450	10	4
87147	3612550	7090450	0	0
87146	3612450	7090450	0	0
87139	3611750	7090450	10	5
87137	3611550	7090450	10	2
87134	3611250	7090450	0	0
87133	3611150	7090450	22	0
87132	3611050	7090450	23	3
87131	3610950	7090450	4	1
87130	3610850	7090450	1	0
87120	3609850	7090450	22	2
87119	3609750	7090450	4	6
87117	3609550	7090450	0	0
87115	3609350	7090450	9	4
87113	3609150	7090450	1	3
87103	3608150	7090450	1	2
87102	3608050	7090450	0	2
87101	3607950	7090450	1	0
87100	3607850	7090450	0	0
87099	3607750	7090450	0	2
87098	3607650	7090450	4	0
87097	3607550	7090450	7	3
87096	3607450	7090450	7	5
86794	3614250	7090550	4	0
86793	3614150	7090550	1	0
86792	3614050	7090550	0	0
86791	3613950	7090550	0	0
86784	3613250	7090550	16	0
86783	3613150	7090550	4	0
86779	3612750	7090550	10	5
86778	3612650	7090550	9	0
86777	3612550	7090550	0	0
86770	3611850	7090550	3	0
86767	3611550	7090550	0	1
86766	3611450	7090550	0	0
86763	3611150	7090550	5	1
86762	3611050	7090550	16	0
86761	3610950	7090550	7	0
86760	3610850	7090550	2	1
86758	3610650	7090550	3	2
86757	3610550	7090550	3	0
86745	3609350	7090550	0	0
86744	3609250	7090550	0	1
86742	3609050	7090550	0	0
86733	3608150	7090550	4	1
86732	3608050	7090550	2	2
86731	3607950	7090550	2	2
86730	3607850	7090550	0	0
86729	3607750	7090550	0	1
86728	3607650	7090550	2	0
86727	3607550	7090550	3	0
86725	3607350	7090550	14	3
86422	3614050	7090650	0	1
86414	3613250	7090650	16	0
86409	3612750	7090650	2	0
86408	3612650	7090650	6	0
86407	3612550	7090650	0	0
86406	3612450	7090650	1	0
86399	3611750	7090650	23	0
86398	3611650	7090650	14	0
86396	3611450	7090650	2	0
86391	3610950	7090650	21	1
86390	3610850	7090650	6	0
86389	3610750	7090650	4	4
86387	3610550	7090650	0	0
86386	3610450	7090650	3	0
86385	3610350	7090650	0	0
86384	3610250	7090650	8	0
86383	3610150	7090650	14	4
86382	3610050	7090650	12	4
86380	3609850	7090650	18	5
86379	3609750	7090650	4	1
86378	3609650	7090650	2	2
86375	3609350	7090650	1	0
86363	3608150	7090650	0	1
86362	3608050	7090650	0	0
86360	3607850	7090650	7	0
86359	3607750	7090650	1	0
86358	3607650	7090650	3	0
86357	3607550	7090650	4	2
86041	3612950	7090750	0	0
86036	3612450	7090750	3	4
86035	3612350	7090750	7	1
86027	3611550	7090750	12	3
86026	3611450	7090750	5	0
86025	3611350	7090750	4	0
86024	3611250	7090750	0	2
86020	3610850	7090750	8	6
86017	3610550	7090750	1	0
86016	3610450	7090750	9	1
86015	3610350	7090750	3	4
86014	3610250	7090750	14	3
86013	3610150	7090750	8	3
86012	3610050	7090750	7	2
86011	3609950	7090750	3	2
86010	3609850	7090750	8	0
86009	3609750	7090750	16	0
86008	3609650	7090750	18	8
86005	3609350	7090750	4	1
86004	3609250	7090750	17	2
86003	3609150	7090750	5	4
86002	3609050	7090750	0	0
85992	3608050	7090750	0	0
85991	3607950	7090750	0	0
85990	3607850	7090750	2	0
85665	3612350	7090850	0	0
85664	3612250	7090850	2	1
85663	3612150	7090850	5	2
85662	3612050	7090850	11	1
85655	3611350	7090850	7	1
85654	3611250	7090850	18	0
85647	3610550	7090850	0	2
85646	3610450	7090850	6	5
85645	3610350	7090850	5	0
85644	3610250	7090850	11	9
85643	3610150	7090850	5	1
85642	3610050	7090850	3	1
85641	3609950	7090850	0	2
85640	3609850	7090850	13	0
85639	3609750	7090850	12	1
85638	3609650	7090850	31	6
85637	3609550	7090850	23	5
85636	3609450	7090850	12	0
85635	3609350	7090850	4	0
85634	3609250	7090850	2	0
85633	3609150	7090850	27	0
85632	3609050	7090850	25	2
85631	3608950	7090850	20	3
85630	3608850	7090850	3	0
85627	3608550	7090850	3	4
85622	3608050	7090850	0	3
85621	3607950	7090850	0	1
85293	3612150	7090950	3	1
85292	3612050	7090950	5	5
85291	3611950	7090950	2	3
85284	3611250	7090950	10	0
85283	3611150	7090950	12	0
85282	3611050	7090950	3	1
85276	3610450	7090950	2	2
85275	3610350	7090950	6	2
85274	3610250	7090950	2	10
85273	3610150	7090950	7	9
85272	3610050	7090950	7	3
85270	3609850	7090950	15	0
85269	3609750	7090950	15	2
85268	3609650	7090950	21	3
85267	3609550	7090950	10	3
85265	3609350	7090950	24	0
85264	3609250	7090950	5	0
85263	3609150	7090950	11	0
85262	3609050	7090950	24	4
85261	3608950	7090950	66	4
85260	3608850	7090950	35	1
85259	3608750	7090950	31	0
85258	3608650	7090950	8	4
85257	3608550	7090950	22	4
85256	3608450	7090950	3	4
85255	3608350	7090950	1	0
85254	3608250	7090950	1	2
85253	3608150	7090950	0	2
85252	3608050	7090950	4	3
84928	3612650	7091050	2	0
84921	3611950	7091050	5	1
84920	3611850	7091050	5	1
84912	3611050	7091050	12	0
84911	3610950	7091050	13	1
84904	3610250	7091050	0	2
84903	3610150	7091050	0	8
84901	3609950	7091050	12	26
84899	3609750	7091050	3	3
84898	3609650	7091050	18	1
84897	3609550	7091050	10	7
84896	3609450	7091050	1	3
84894	3609250	7091050	12	0
84893	3609150	7091050	15	0
84892	3609050	7091050	16	3
84891	3608950	7091050	9	0
84890	3608850	7091050	14	0
84889	3608750	7091050	34	4
84888	3608650	7091050	10	4
84887	3608550	7091050	1	0
84886	3608450	7091050	5	2
84884	3608250	7091050	6	3
84555	3612350	7091150	11	2
84554	3612250	7091150	2	0
84552	3612050	7091150	13	4
84550	3611850	7091150	5	1
84549	3611750	7091150	2	0
84548	3611650	7091150	1	0
84528	3609650	7091150	13	5
84527	3609550	7091150	3	7
84524	3609250	7091150	10	2
84523	3609150	7091150	23	2
84522	3609050	7091150	8	0
84521	3608950	7091150	20	6
84520	3608850	7091150	6	1
84519	3608750	7091150	5	6
84518	3608650	7091150	0	1
84517	3608550	7091150	0	1
84516	3608450	7091150	2	11
84187	3612550	7091250	3	0
84181	3611950	7091250	2	3
84180	3611850	7091250	3	0
84179	3611750	7091250	7	0
84178	3611650	7091250	14	1
84157	3609550	7091250	0	0
84155	3609350	7091250	21	0
84154	3609250	7091250	8	2
84153	3609150	7091250	15	1
84152	3609050	7091250	29	2
84151	3608950	7091250	21	2
84150	3608850	7091250	22	2
84149	3608750	7091250	3	6
84148	3608650	7091250	9	5
84147	3608550	7091250	8	2
84146	3608450	7091250	5	1
84145	3608350	7091250	1	1
83817	3612550	7091350	21	4
83816	3612450	7091350	6	4
83810	3611850	7091350	12	0
83809	3611750	7091350	0	0
83806	3611450	7091350	0	1
83805	3611350	7091350	1	0
83786	3609450	7091350	0	2
83785	3609350	7091350	2	1
83784	3609250	7091350	2	2
83783	3609150	7091350	2	2
83782	3609050	7091350	18	1
83781	3608950	7091350	16	2
83780	3608850	7091350	14	0
83779	3608750	7091350	4	4
83778	3608650	7091350	0	0
83777	3608550	7091350	17	1
83776	3608450	7091350	9	1
83775	3608350	7091350	3	5
83445	3612350	7091450	11	0
83444	3612250	7091450	9	1
83433	3611150	7091450	5	0
83414	3609250	7091450	0	0
83413	3609150	7091450	0	2
83412	3609050	7091450	4	3
83411	3608950	7091450	3	3
83410	3608850	7091450	0	0
83409	3608750	7091450	0	0
83408	3608650	7091450	0	4
83407	3608550	7091450	0	3
83406	3608450	7091450	2	0
83405	3608350	7091450	5	1
83074	3612250	7091550	16	1
83070	3611850	7091550	5	1
83062	3611050	7091550	2	6
83061	3610950	7091550	5	11
83053	3610150	7091550	0	1
83048	3609650	7091550	0	1
83044	3609250	7091550	0	0
83043	3609150	7091550	1	0
83042	3609050	7091550	8	0
83041	3608950	7091550	3	0
83040	3608850	7091550	0	2
83039	3608750	7091550	1	0
83038	3608650	7091550	0	2
83036	3608450	7091550	0	2
82700	3611850	7091650	2	0
82699	3611750	7091650	6	3
82691	3610950	7091650	0	7
82690	3610850	7091650	7	3
82689	3610750	7091650	5	2
82682	3610050	7091650	5	11
82672	3609050	7091650	3	0
82671	3608950	7091650	3	11
82670	3608850	7091650	2	6
82669	3608750	7091650	0	0
82668	3608650	7091650	1	13
82667	3608550	7091650	2	1
82666	3608450	7091650	0	0
82665	3608350	7091650	0	0
82329	3611750	7091750	5	2
82320	3610850	7091750	7	1
82319	3610750	7091750	7	2
82318	3610650	7091750	6	0
82313	3610150	7091750	0	0
82301	3608950	7091750	0	0
82300	3608850	7091750	1	5
82299	3608750	7091750	1	15
82298	3608650	7091750	0	5
82297	3608550	7091750	1	3
82296	3608450	7091750	2	1
81951	3610950	7091850	3	1
81950	3610850	7091850	6	2
81949	3610750	7091850	2	1
81948	3610650	7091850	0	1
81947	3610550	7091850	7	11
81938	3609650	7091850	0	1
81935	3609350	7091850	0	0
81929	3608750	7091850	3	2
81928	3608650	7091850	6	6
81927	3608550	7091850	2	1
81926	3608450	7091850	0	3
81579	3610750	7091950	0	6
81576	3610450	7091950	6	3
81575	3610350	7091950	9	4
81568	3609650	7091950	0	4
81557	3608550	7091950	3	2
81210	3610850	7092050	3	6
81209	3610750	7092050	0	2
81208	3610650	7092050	0	5
81204	3610250	7092050	7	1
81203	3610150	7092050	5	0
81202	3610050	7092050	0	0
81199	3609750	7092050	0	0
80841	3610950	7092150	0	0
80839	3610750	7092150	1	6
80838	3610650	7092150	0	1
80832	3610050	7092150	2	0
80831	3609950	7092150	0	0
80830	3609850	7092150	2	0
80828	3609650	7092150	0	1
80822	3609050	7092150	0	4
80821	3608950	7092150	0	0
80471	3610950	7092250	0	2
80470	3610850	7092250	5	1
80469	3610750	7092250	1	0
80468	3610650	7092250	4	9
80467	3610550	7092250	0	0
80466	3610450	7092250	2	0
80461	3609950	7092250	9	0
80460	3609850	7092250	0	0
80458	3609650	7092250	2	1
80457	3609550	7092250	5	4
80456	3609450	7092250	6	0
80450	3608850	7092250	0	4
80449	3608750	7092250	0	0
80099	3610750	7092350	13	6
80098	3610650	7092350	8	4
80097	3610550	7092350	0	0
80096	3610450	7092350	0	0
80095	3610350	7092350	3	1
80094	3610250	7092350	0	0
80091	3609950	7092350	0	0
80090	3609850	7092350	0	0
80088	3609650	7092350	1	3
80087	3609550	7092350	7	4
80086	3609450	7092350	4	0
80085	3609350	7092350	5	5
80084	3609250	7092350	4	4
80083	3609150	7092350	5	3
79728	3610650	7092450	2	5
79727	3610550	7092450	0	3
79726	3610450	7092450	1	4
79725	3610350	7092450	3	0
79724	3610250	7092450	3	0
79723	3610150	7092450	9	0
79722	3610050	7092450	15	7
79719	3609750	7092450	0	0
79718	3609650	7092450	0	0
79717	3609550	7092450	2	0
79716	3609450	7092450	5	1
79357	3610550	7092550	0	2
79356	3610450	7092550	2	2
79355	3610350	7092550	7	12
79354	3610250	7092550	7	1
79353	3610150	7092550	14	6
79352	3610050	7092550	3	3
79351	3609950	7092550	16	11
79348	3609650	7092550	0	0
79347	3609550	7092550	0	0
79346	3609450	7092550	0	0
78985	3610350	7092650	7	9
78984	3610250	7092650	4	14
78983	3610150	7092650	9	5
78982	3610050	7092650	13	3
78981	3609950	7092650	6	9
78980	3609850	7092650	14	10
78979	3609750	7092650	3	2
78978	3609650	7092650	0	0
78976	3609450	7092650	0	0
78613	3610150	7092750	5	5
78612	3610050	7092750	5	8
78611	3609950	7092750	5	8
78610	3609850	7092750	5	4
78609	3609750	7092750	7	2
78608	3609650	7092750	0	0
78607	3609550	7092750	0	0
78241	3609950	7092850	5	7
78240	3609850	7092850	3	2
78239	3609750	7092850	5	4
78236	3609450	7092850	0	0
77869	3609750	7092950	0	7
77868	3609650	7092950	2	0
77867	3609550	7092950	2	0
